[gd_scene format=3 uid="uid://dkp14l50sou64"]

[ext_resource type="Script" uid="uid://cttat6ewdaf4o" path="res://scripts/enemy_base.gd" id="1_sw0xa"]
[ext_resource type="PackedScene" uid="uid://d3njyijxnrn6x" path="res://resources/models/ztestAnimatedModel.res" id="2_j1ss0"]
[ext_resource type="AudioStream" uid="uid://clm5ko1ivxr73" path="res://resources/sounds/enemySound.mp3" id="2_vv3x1"]
[ext_resource type="PackedScene" uid="uid://crdogc3jwhxsl" path="res://resources/models/test_custom_new3.glb" id="3_j1ss0"]

[sub_resource type="CapsuleShape3D" id="CapsuleShape3D_nd8w8"]
height = 1.8051758

[sub_resource type="CapsuleShape3D" id="CapsuleShape3D_sw0xa"]
radius = 0.57373047
height = 1.9307251

[node name="Enemy" type="CharacterBody3D" unique_id=326181993 node_paths=PackedStringArray("area_close", "timer", "model_pivot")]
collision_layer = 2
script = ExtResource("1_sw0xa")
area_close = NodePath("Area3D")
timer = NodePath("Timer")
cry = ExtResource("2_vv3x1")
SPEED = 0.8
model_pivot = NodePath("test_custom_new3")
is_ai = true

[node name="CollisionShape3D" type="CollisionShape3D" parent="." unique_id=686238657]
transform = Transform3D(1, 0, 0, 0, 1, 0, 0, 0, 1, 0, 0.9025879, 0)
shape = SubResource("CapsuleShape3D_nd8w8")

[node name="exported-model2" parent="." unique_id=720630588 instance=ExtResource("2_j1ss0")]
visible = false

[node name="RemoteTransform3D" type="RemoteTransform3D" parent="." unique_id=1403446548]
transform = Transform3D(1, 0, 0, 0, 0.99127316, 0.13182388, 0, -0.13182388, 0.99127316, 0, 1, 0.718)

[node name="MarkerS" type="Marker3D" parent="." unique_id=730906448]
transform = Transform3D(1, 0, 0, 0, 0.9912155, 0.13225639, 0, -0.13225639, 0.9912155, 0, 1, 0.718)

[node name="MarkerE" type="Marker3D" parent="." unique_id=1937324115]
transform = Transform3D(-4.371139e-08, 0.13225639, -0.9912155, 0, 0.9912155, 0.13225639, 1, 5.7811103e-09, -4.3327407e-08, -0.71799994, 1, 0)

[node name="MarkerN" type="Marker3D" parent="." unique_id=704580272]
transform = Transform3D(-1, -1.15622205e-08, 8.6654815e-08, 0, 0.9912155, 0.13225639, -8.742278e-08, 0.13225639, -0.9912155, 0, 1, -0.718)

[node name="MarkerW" type="Marker3D" parent="." unique_id=30455828]
transform = Transform3D(-4.371139e-08, -0.13225639, 0.9912155, 0, 0.9912155, 0.13225639, -1, 5.7811103e-09, -4.3327407e-08, 0.71, 1, 0)

[node name="AnimationTree" type="AnimationTree" parent="." unique_id=334228149]

[node name="NavigationAgent3D" type="NavigationAgent3D" parent="." unique_id=413626094]
path_desired_distance = 0.1
target_desired_distance = 0.1

[node name="Timer" type="Timer" parent="." unique_id=921002605]

[node name="Area3D" type="Area3D" parent="." unique_id=249547874]
collision_layer = 0
collision_mask = 2

[node name="CollisionShape3D" type="CollisionShape3D" parent="Area3D" unique_id=1672039387]
transform = Transform3D(1, 0, 0, 0, 1, 0, 0, 0, 1, 0, 0.9082947, 0)
shape = SubResource("CapsuleShape3D_sw0xa")

[node name="test_custom_new3" parent="." unique_id=933345214 instance=ExtResource("3_j1ss0")]
